artigo,links_afiliados,status,categoria,palavras_chave,descricao,tipo,data_publicacao,autor
Tendências de Decoração para 2026: O Guia Completo,,rascunho,decoração,tendências decoração 2026 cores texturas estilos,Guia completo com as principais tendências de decoração para 2026,guia,2026-07-20,HomeDecor Team
Como Usar Cores Neutras na Decoração sem Ficar Monótono,,rascunho,decoração,cores neutras decoração dicas personalidade,Artigo sobre como usar tons neutros com personalidade e estilo,artigo,2026-07-21,HomeDecor Team
Quadros Decorativos: Como Escolher os Ideais para Cada Ambiente,https://amzn.to/3XYZ123,rascunho,decoração,quadros decorativos ambientes como escolher,Guia para escolher os quadros perfeitos para cada cômodo da casa,guia,2026-07-22,HomeDecor Team
Vasos Decorativos: Dicas para Escolher os Modelos Perfeitos,https://amzn.to/4ABC789,rascunho,decoração,vasos decorativos modelos como escolher,Guia para escolher vasos decorativos que combinam com seu estilo,guia,2026-07-23,HomeDecor Team
5 Dicas Infalíveis para Decorar sua Casa com Estilo,,rascunho,decoração,dicas decorar casa estilo prático,5 dicas práticas para transformar sua decoração com pouco esforço,lista,2026-07-24,HomeDecor Team
Cores que Combinam com Sofá Marrom: Guia de Combinações,,rascunho,decoração,cores combinam sofá marrom paleta,Guia para escolher as cores que harmonizam com sofá marrom,guia,2026-07-25,HomeDecor Team
Como Criar uma Parede Galeria: Tutorial Passo a Passo,,rascunho,decoração,parede galeria como criar tutorial,Passo a passo para criar uma parede galeria na sua casa,tutorial,2026-07-26,HomeDecor Team
7 Plantas que Transformam a Decoração da sua Casa,,rascunho,decoração,plantas transformam casa decoração,Lista com 7 plantas que vão renovar a decoração da sua casa,lista,2026-07-27,HomeDecor Team
Decoração Boho: O Guia Completo para Iniciantes,,rascunho,decoração,decoração boho guia completo,Guia completo para adotar o estilo Boho na decoração da sua casa,artigo,2026-07-28,HomeDecor Team
Como Escolher os Quadros Ideais para Cada Estilo de Sala,https://amzn.to/3DEF456,rascunho,decoração,quadros ideais estilo sala como escolher,Guia para escolher quadros que combinam com o estilo da sua sala,guia,2026-07-29,HomeDecor Team
5 Erros Fatais na Decoração de Ambientes e Como Evitá-los,,rascunho,decoração,erros decoração ambientes evitar,Lista com os 5 erros mais comuns e como corrigi-los,lista,2026-07-30,HomeDecor Team
Tendências de Cores para 2026: Do Terracota ao Azul Profundo,,rascunho,decoração,tendências cores 2026 terracota azul,Análise das cores que vão dominar a decoração em 2026,tendencia,2026-07-31,HomeDecor Team
Como Decorar com Espelhos: Dicas para Ampliar e Iluminar,https://amzn.to/3GHI789,rascunho,decoração,decorar com espelhos dicas ambientes,Guia para usar espelhos na decoração e ampliar espaços,guia,2026-08-01,HomeDecor Team
7 Itens Essenciais que Todo Amante de Decoração Precisa Ter,https://amzn.to/3JKL012,rascunho,decoração,itens decoração essenciais amantes,Lista com 7 itens indispensáveis para quem ama decoração,lista,2026-08-02,HomeDecor Team
Decoração Minimalista: Como Fazer sem Parecer Vazio,,rascunho,decoração,decoração minimalista como fazer,Artigo sobre como aplicar o minimalismo com personalidade,artigo,2026-08-03,HomeDecor Team
Como Usar Plantas na Decoração: Guia de Estilos e Espécies,,rascunho,decoração,plantas decoração como usar,Guia para usar plantas na decoração com estilo e harmonia,guia,2026-08-04,HomeDecor Team
5 Tendências de Decoração Sustentável para 2026,,rascunho,decoração,tendências decoração sustentável,Análise das tendências sustentáveis para 2026,tendencia,2026-08-05,HomeDecor Team
Como Escolher a Iluminação Certa para Cada Cômodo,https://amzn.to/3MNO345,rascunho,decoração,iluminação certa como escolher,Guia para escolher a iluminação ideal para cada ambiente,guia,2026-08-06,HomeDecor Team
Decoração de Natal: Dicas e Inspirações para 2026,,rascunho,decoração,decoração natal dicas inspirações,Artigo com dicas para uma decoração de Natal inesquecível,artigo,2026-08-07,HomeDecor Team
7 Dicas para Decorar sua Casa Gastando Pouco Dinheiro,,rascunho,decoração,decorar pouco dinheiro dicas,Lista com 7 dicas para decorar sua casa com orçamento limitado,lista,2026-08-08,HomeDecor Team
Sofá Retrátil Conforto Máximo: Review Completo,https://amzn.to/3PQR678,rascunho,sala-de-estar,sofá retrátil conforto máximo reclinável,Review completo do Sofá Retrátil com reclinável e apoio para os pés,review,2026-08-09,HomeDecor Team
Mesa de Centro Design Moderno: Review e Dicas,https://amzn.to/3STU901,rascunho,sala-de-estar,mesa centro design moderno contemporâneo,Review da Mesa de Centro com design contemporâneo e acabamento premium,review,2026-08-10,HomeDecor Team
Tapete Persa para Sala de Estar: Review de Luxo,https://amzn.to/3VWX234,rascunho,sala-de-estar,tapete persa sala de estar luxo,Review do Tapete Persa com design tradicional e alta durabilidade,review,2026-08-11,HomeDecor Team
Como Escolher o Sofá Ideal para Sua Sala: Guia Definitivo,,rascunho,sala-de-estar,como escolher sofá ideal sala de estar,Guia completo para escolher o sofá perfeito para sua sala,guia,2026-08-12,HomeDecor Team
Guia de Cores para Sala de Estar: Combinações que Funcionam,,rascunho,sala-de-estar,cores para sala de estar combinações,Guia completo de cores para decorar sua sala de estar com estilo,guia,2026-08-13,HomeDecor Team
5 Dicas para Deixar sua Sala mais Aconchegante,,rascunho,sala-de-estar,dicas sala aconchegante iluminação texturas,5 dicas práticas para transformar sua sala em um espaço acolhedor,lista,2026-08-14,HomeDecor Team
Luminária de Pé Industrial: Review do Modelo Mais Procurado,https://amzn.to/3YZA567,rascunho,sala-de-estar,luminária pé industrial design,Review da Luminária de Pé com design industrial e acabamento em metal,review,2026-08-15,HomeDecor Team
Estante Rústica 6 Prateleiras: Review Completa,https://amzn.to/4BCD890,rascunho,sala-de-estar,estante rústica 6 prateleiras madeira,Review da Estante Rústica com 6 prateleiras em madeira maciça,review,2026-08-16,HomeDecor Team
Como Decorar Sala Pequena sem Erros: Guia Prático,,rascunho,sala-de-estar,decorar sala pequena dicas otimizar,Guia completo para decorar salas pequenas com estilo e funcionalidade,guia,2026-08-17,HomeDecor Team
Cortina para Sala: Como Escolher o Modelo Certo,https://amzn.to/3EFG123,rascunho,sala-de-estar,cortina sala como escolher modelo,Guia para escolher a cortina perfeita para sua sala de estar,guia,2026-08-18,HomeDecor Team
7 Plantas que Transformam sua Sala em um Jardim Interno,,rascunho,sala-de-estar,plantas para sala de estar decoração,Lista com 7 plantas que vão transformar sua sala em um espaço vivo,lista,2026-08-19,HomeDecor Team
Papel de Parede na Sala: Dicas e Inspirações 2026,,rascunho,sala-de-estar,papel de parede sala dicas inspirações,Artigo sobre como usar papel de parede na sala com dicas e inspirações,artigo,2026-08-20,HomeDecor Team
Rack para TV: Modelos e Como Escolher o Melhor,https://amzn.to/3HIJ456,rascunho,sala-de-estar,rack para tv modelos como escolher,Guia completo para escolher o rack ideal para sua TV e sala,guia,2026-08-21,HomeDecor Team
Poltrona Leitora Ergonômica: Review do Modelo Conforto,https://amzn.to/3KLM789,rascunho,sala-de-estar,poltrona leitora conforto ergonômico,Review da Poltrona Leitora com design ergonômico e máximo conforto,review,2026-08-22,HomeDecor Team
Como Iluminar sua Sala de Estar: Guia de Iluminação,https://amzn.to/3NOP012,rascunho,sala-de-estar,iluminar sala de estar dicas,Guia completo para iluminar sua sala de estar com estilo e funcionalidade,guia,2026-08-23,HomeDecor Team
10 Erros na Decoração da Sala e Como Corrigi-los,,rascunho,sala-de-estar,erros decoração sala evitar,Lista com os 10 erros mais comuns na decoração da sala e como evitá-los,lista,2026-08-24,HomeDecor Team
Sofá de Couro vs Sofá de Tecido: Qual o Melhor?,https://amzn.to/3PQR678,rascunho,sala-de-estar,sofá couro vs tecido comparativo,Comparativo completo entre sofá de couro e sofá de tecido,comparativo,2026-08-25,HomeDecor Team
Como Fazer uma Parede Galeria na Sala: Tutorial DIY,,rascunho,sala-de-estar,parede galeria sala como fazer,Tutorial passo a passo para criar uma parede galeria na sua sala,tutorial,2026-08-26,HomeDecor Team
Manta e Almofadas: Como Usar sem Errar na Decoração,,rascunho,sala-de-estar,manta almofadas decoração sala dicas,Guia para usar mantas e almofadas na decoração da sala sem errar,guia,2026-08-27,HomeDecor Team
Estilo Escandinavo na Sala de Estar: Guia Completo,,rascunho,sala-de-estar,estilo escandinavo sala de estar,Artigo sobre como aplicar o estilo escandinavo na sua sala de estar,artigo,2026-08-28,HomeDecor Team
Guia Completo para Escolher o Colchão Ideal para seu Sono,,rascunho,quarto,como escolher colchão ideal ortopédico,Guia definitivo para escolher o colchão perfeito para suas necessidades,guia,2026-08-29,HomeDecor Team
Roupa de Cama 100% Algodão Egípcio: Review de Luxo,https://amzn.to/3STU901,rascunho,quarto,roupa cama algodão egípcio luxo,Review completo do jogo de roupa de cama em algodão egípcio 400 fios,review,2026-08-30,HomeDecor Team
Cortina Blackout para Quarto: Guia para Escolher a Melhor,https://amzn.to/3VWX234,rascunho,quarto,cortina blackout quarto escurecimento total,Guia para escolher a cortina blackout ideal para seu quarto,guia,2026-08-31,HomeDecor Team
Cabeceira Estofada para Quarto: Review de Design,https://amzn.to/3YZA567,rascunho,quarto,cabeceira estofada quarto design,Review da Cabeceira Estofada com design elegante e acabamento premium,review,2026-09-01,HomeDecor Team
Como Organizar seu Guarda-roupa: Tutorial Passo a Passo,,rascunho,quarto,organizar guarda-roupa dicas,Tutorial para organizar seu guarda-roupa de forma prática e eficiente,tutorial,2026-09-02,HomeDecor Team
Colchão Ortopédico vs Colchão de Mola: Qual Escolher?,https://amzn.to/4ABC789,rascunho,quarto,colchão ortopédico vs mola comparativo,Comparativo entre colchão ortopédico e colchão de mola,comparativo,2026-09-03,HomeDecor Team
Cores para Quarto: Guia Completo de Combinações,,rascunho,quarto,cores para quarto combinações,Guia completo de cores para decorar seu quarto com estilo e personalidade,guia,2026-09-04,HomeDecor Team
7 Dicas para um Quarto mais Aconchegante e Relaxante,,rascunho,quarto,dicas quarto aconchegante,Lista com 7 dicas para transformar seu quarto em um espaço acolhedor,lista,2026-09-05,HomeDecor Team
Roupa de Cama: Como Escolher o Tecido Ideal,,rascunho,quarto,roupa cama tecido ideal como escolher,Guia para escolher o tecido ideal para sua roupa de cama,guia,2026-09-06,HomeDecor Team
Como Decorar Quarto Pequeno: Dicas para Otimizar o Espaço,,rascunho,quarto,decorar quarto pequeno dicas,Guia completo para decorar quartos pequenos com estilo e funcionalidade,guia,2026-09-07,HomeDecor Team
Luminária de Cabeceira: Modelos e Dicas de Escolha,https://amzn.to/3DEF456,rascunho,quarto,luminária cabeceira modelos dicas,Guia para escolher a luminária de cabeceira ideal para seu quarto,guia,2026-09-08,HomeDecor Team
Jogo de Lençóis 100% Algodão: Review de Qualidade,https://amzn.to/3GHI789,rascunho,quarto,jogo lençóis algodão 100% qualidade,Review do Jogo de Lençóis 100% algodão com alta durabilidade,review,2026-09-09,HomeDecor Team
Como Escolher o Travesseiro Ideal: Guia para um Bom Sono,https://amzn.to/3JKL012,rascunho,quarto,como escolher travesseiro ideal,Guia para escolher o travesseiro perfeito para suas necessidades,guia,2026-09-10,HomeDecor Team
5 Erros na Decoração do Quarto e Como Evitá-los,,rascunho,quarto,erros decoração quarto evitar,Lista com os 5 erros mais comuns na decoração do quarto,lista,2026-09-11,HomeDecor Team
Quarto Minimalista: Como Fazer com Estilo,,rascunho,quarto,quarto minimalista como fazer,Artigo sobre como criar um quarto minimalista com estilo e funcionalidade,artigo,2026-09-12,HomeDecor Team
Como Criar um Closet Funcional: Organização e Dicas,,rascunho,quarto,closet funcional como criar,Tutorial para criar um closet funcional e organizado,tutorial,2026-09-13,HomeDecor Team
Cortina Blackout vs Cortina Normal: Qual a Melhor?,https://amzn.to/3MNO345,rascunho,quarto,cortina blackout vs normal comparativo,Comparativo entre cortina blackout e cortina normal,comparativo,2026-09-14,HomeDecor Team
7 Itens para um Quarto Aconchegante e Convidativo,,rascunho,quarto,itens quarto aconchegante,Lista com 7 itens essenciais para criar um quarto aconchegante,lista,2026-09-15,HomeDecor Team
Tendências de Quarto para 2026: Do Rustico ao Moderno,,rascunho,quarto,tendências quarto 2026,Análise das principais tendências de decoração para quartos em 2026,tendencia,2026-09-16,HomeDecor Team
Como Escolher a Roupa de Cama Perfeita: Guia de Tecidos,,rascunho,quarto,roupa cama perfeita como escolher,Guia para escolher a roupa de cama perfeita para seu estilo,guia,2026-09-17,HomeDecor Team
10 Utensílios que Toda Cozinha Precisa Ter: Lista Essencial,https://amzn.to/3PQR678,rascunho,cozinha,utensílios de cozinha essenciais indispensáveis,Lista com os 10 utensílios indispensáveis para sua cozinha,lista,2026-09-18,HomeDecor Team
Jogo de Panelas Antiaderentes: Review do Melhor Modelo,https://amzn.to/3STU901,rascunho,cozinha,jogo panelas antiaderentes cerâmica,Review completo do jogo de panelas antiaderentes com revestimento cerâmico,review,2026-09-19,HomeDecor Team
Guia de Organização de Cozinhas Pequenas: Dicas Infalíveis,,rascunho,cozinha,organizar cozinha pequena otimizar espaço,Guia completo para otimizar espaços em cozinhas compactas,guia,2026-09-20,HomeDecor Team
Faca Chef Profissional: Review do Modelo Topo de Linha,https://amzn.to/3VWX234,rascunho,cozinha,faca chef profissional qualidade,Review da Faca Chef Profissional com lâmina de aço inox,review,2026-09-21,HomeDecor Team
Tábua de Corte de Madeira: Review de Durabilidade,https://amzn.to/3YZA567,rascunho,cozinha,tábua corte madeira qualidade,Review da Tábua de Corte de Madeira com alta durabilidade,review,2026-09-22,HomeDecor Team
Como Organizar sua Despensa: Tutorial Prático,,rascunho,cozinha,organizar despensa dicas,Tutorial para organizar sua despensa de forma prática e eficiente,tutorial,2026-09-23,HomeDecor Team
5 Erros na Organização da Cozinha e Como Corrigi-los,,rascunho,cozinha,erros organização cozinha evitar,Lista com os 5 erros mais comuns na organização da cozinha,lista,2026-09-24,HomeDecor Team
Cozinha Planejada vs Cozinha Modular: Qual a Melhor?,,rascunho,cozinha,cozinha planejada vs modular comparativo,Comparativo entre cozinha planejada e cozinha modular,comparativo,2026-09-25,HomeDecor Team
Como Escolher as Panelas Ideais: Guia para Iniciantes,,rascunho,cozinha,como escolher panelas ideais,Guia para escolher as panelas ideais para sua cozinha,guia,2026-09-26,HomeDecor Team
7 Acessórios que Facilitam a Rotina na Cozinha,https://amzn.to/4BCD890,rascunho,cozinha,acessórios cozinha facilitam rotina,Lista com 7 acessórios que vão facilitar sua rotina na cozinha,lista,2026-09-27,HomeDecor Team
Como Limpar Panelas Antiaderentes sem Danificá-las,,rascunho,cozinha,limpar panelas antiaderentes dicas,Tutorial para limpar panelas antiaderentes sem danificá-las,tutorial,2026-09-28,HomeDecor Team
Jogo de Taças para Cozinha: Review de Elegância,https://amzn.to/3EFG123,rascunho,cozinha,jogo taças cozinha qualidade,Review do Jogo de Taças com design elegante e alta durabilidade,review,2026-09-29,HomeDecor Team
Organizadores de Gaveta: Guia Completo para Cozinhas,https://amzn.to/3HIJ456,rascunho,cozinha,organizadores gaveta guia completo,Guia completo para escolher os melhores organizadores de gaveta,guia,2026-09-30,HomeDecor Team
Como Decorar a Cozinha com Estilo: Dicas Práticas,,rascunho,cozinha,decorar cozinha estilo dicas,Artigo sobre como decorar sua cozinha com estilo e personalidade,artigo,2026-10-01,HomeDecor Team
10 Erros na Decoração da Cozinha e Como Evitá-los,,rascunho,cozinha,erros decoração cozinha evitar,Lista com os 10 erros mais comuns na decoração da cozinha,lista,2026-10-02,HomeDecor Team
Cozinha Branca vs Cozinha Colorida: Qual Escolher?,,rascunho,cozinha,cozinha branca vs colorida comparativo,Comparativo entre cozinha branca e cozinha colorida,comparativo,2026-10-03,HomeDecor Team
Como Escolher a Geladeira Ideal: Guia para sua Cozinha,https://amzn.to/3KLM789,rascunho,cozinha,como escolher geladeira ideal,Guia para escolher a geladeira ideal para sua cozinha,guia,2026-10-04,HomeDecor Team
5 Tendências de Cozinha para 2026,,rascunho,cozinha,tendências cozinha 2026,Análise das principais tendências de cozinha para o ano de 2026,tendencia,2026-10-05,HomeDecor Team
Como Organizar a Geladeira: Tutorial e Dicas,,rascunho,cozinha,organizar geladeira dicas,Tutorial para organizar sua geladeira de forma prática e eficiente,tutorial,2026-10-06,HomeDecor Team
Jogo de Panelas Antiaderentes vs Inox: Qual o Melhor?,https://amzn.to/3MNO345,rascunho,cozinha,panelas antiaderentes vs inox comparativo,Comparativo entre jogo de panelas antiaderentes e panelas de inox,comparativo,2026-10-07,HomeDecor Team
Chuveiro Digital com Cromoterapia: Review e Experiência,https://amzn.to/3NOP012,rascunho,banheiro,chuveiro digital cromoterapia temperatura controlada,Review do Chuveiro Digital com luzes LED e temperatura controlada,review,2026-10-08,HomeDecor Team
7 Itens que Transformam seu Banheiro em um Spa,https://amzn.to/3PQR678,rascunho,banheiro,banheiro spa itens essenciais relaxamento,Lista com 7 itens para criar uma experiência de spa no seu banheiro,lista,2026-10-09,HomeDecor Team
Espelho Decorativo para Banheiro: Guia de Escolha,https://amzn.to/3STU901,rascunho,banheiro,espelho decorativo banheiro design,Guia para escolher o espelho perfeito para seu banheiro,guia,2026-10-10,HomeDecor Team
Toalhas de Banho Premium: Review de Absorção e Durabilidade,https://amzn.to/3VWX234,rascunho,banheiro,toalhas banho premium qualidade,Review das Toalhas de Banho Premium com alta absorção e durabilidade,review,2026-10-11,HomeDecor Team
Tapete de Banheiro Antiderrapante: Review de Segurança,https://amzn.to/3YZA567,rascunho,banheiro,tapete banheiro antiderrapante segurança,Review do Tapete de Banheiro Antiderrapante com design e segurança,review,2026-10-12,HomeDecor Team
Como Organizar seu Banheiro: Dicas de Armazenamento,,rascunho,banheiro,organizar banheiro dicas,Tutorial para organizar seu banheiro de forma prática e funcional,tutorial,2026-10-13,HomeDecor Team
5 Erros na Decoração do Banheiro e Como Evitá-los,,rascunho,banheiro,erros decoração banheiro evitar,Lista com os 5 erros mais comuns na decoração do banheiro,lista,2026-10-14,HomeDecor Team
Banheiro Pequeno: Como Otimizar o Espaço,,rascunho,banheiro,banheiro pequeno otimizar espaço,Guia para otimizar espaços em banheiros pequenos com estilo,guia,2026-10-15,HomeDecor Team
Como Escolher o Chuveiro Ideal: Guia para seu Banheiro,https://amzn.to/4ABC789,rascunho,banheiro,como escolher chuveiro ideal,Guia para escolher o chuveiro ideal para seu banheiro,guia,2026-10-16,HomeDecor Team
7 Acessórios Essenciais para o Banheiro,https://amzn.to/3DEF456,rascunho,banheiro,acessórios banheiro essenciais,Lista com 7 acessórios essenciais para seu banheiro,lista,2026-10-17,HomeDecor Team
Como Decorar Banheiro com Estilo: Dicas e Inspirações,,rascunho,banheiro,decorar banheiro estilo dicas,Artigo sobre como decorar seu banheiro com estilo e personalidade,artigo,2026-10-18,HomeDecor Team
Banheiro Branco vs Banheiro Colorido: Qual a Melhor Opção?,,rascunho,banheiro,banheiro branco vs colorido comparativo,Comparativo entre banheiro branco e banheiro colorido,comparativo,2026-10-19,HomeDecor Team
Tendências de Banheiro para 2026,,rascunho,banheiro,tendências banheiro 2026,Análise das principais tendências de banheiro para 2026,tendencia,2026-10-20,HomeDecor Team
Como Escolher a Cortina de Banheiro: Guia Prático,https://amzn.to/3GHI789,rascunho,banheiro,cortina banheiro como escolher,Guia para escolher a cortina de banheiro ideal,guia,2026-10-21,HomeDecor Team
5 Plantas que se Adaptam ao Banheiro e Sobrevivem à Umidade,,rascunho,banheiro,plantas banheiro adaptam umidade,Lista com 5 plantas que se adaptam perfeitamente ao banheiro,lista,2026-10-22,HomeDecor Team
Espelho Banheiro Iluminado: Review do Modelo Mais Procurado,https://amzn.to/3JKL012,rascunho,banheiro,espelho banheiro iluminado qualidade,Review do Espelho Banheiro Iluminado com design moderno,review,2026-10-23,HomeDecor Team
Prateleira para Banheiro: Como Escolher a Ideal,https://amzn.to/3MNO345,rascunho,banheiro,prateleira banheiro como escolher,Guia para escolher a prateleira ideal para seu banheiro,guia,2026-10-24,HomeDecor Team
Cortina de Banheiro Impermeável: Review de Qualidade,https://amzn.to/3PQR678,rascunho,banheiro,cortina banheiro impermeável qualidade,Review da Cortina de Banheiro Impermeável com alta durabilidade,review,2026-10-25,HomeDecor Team
Organizadores de Banheiro: Dicas para Manter Tudo no Lugar,https://amzn.to/3STU901,rascunho,banheiro,organizadores banheiro dicas,Tutorial para organizar seu banheiro com os melhores acessórios,tutorial,2026-10-26,HomeDecor Team
Como Escolher o Tapete de Banheiro: Guia de Materiais,https://amzn.to/3VWX234,rascunho,banheiro,tapete banheiro materiais como escolher,Guia para escolher o tapete de banheiro ideal,guia,2026-10-27,HomeDecor Team